step_size,reg,h,acc
0.001,0.001,10,0.56
0.001,0.001,50,0.51
0.001,0.001,100,0.51
0.001,0.01,10,0.56
0.001,0.01,50,0.51
0.001,0.01,100,0.51
0.001,0.1,10,0.54
0.001,0.1,50,0.52
0.001,0.1,100,0.50
0.01,0.001,10,0.54
0.01,0.001,50,0.55
0.01,0.001,100,0.56
0.01,0.01,10,0.52
0.01,0.01,50,0.53
0.01,0.01,100,0.53
0.01,0.1,10,0.46
0.01,0.1,50,0.43
0.01,0.1,100,0.44
0.1,0.001,10,0.89
0.1,0.001,50,0.95
0.1,0.001,100,0.95
0.1,0.01,10,0.57
0.1,0.01,50,0.72
0.1,0.01,100,0.76
0.1,0.1,10,0.52
0.1,0.1,50,0.52
0.1,0.1,100,0.51
